Input:
P1: 1 2 8 9
P2: 1 6 7 0
P3: 2 4 5 6

Output:
P1:a  s1 c 
P2:b s2 d  
P3:r1 s3 s4 d 
